	0	1	2	3	4	5	6	7	8	9	10	11	12	13	14	15	16	17	18	19	20	21	22	23	24	25	26	27
0	1.19209e-07	0.0226883	0.211781	0.142356	0.00658471	0.0506371	0.237117	0.168337	0.384233	0.425744	0.390102	0.390102	0.343831	0.343831	0.403593	0.403593	0.350558	0.357143	0.230282	0.199828	0.230282	0.191419	0.350558	0.386273	0.207701	0.214286	0.207701	0.238477;
1	0.0226883	1.19209e-07	0.189093	143	0.0292729	0.0279489	0.214429	0.145649	0.369417	0.426389	0.402269	0.402269	0.355998	0.355998	0.41576	0.41576	0.362726	0.36931	0.23472	0.204266	0.23472	0.195856	0.362726	0.39071	0.219868	0.226453	0.219868	0.250644;
2	0.211781	0.189093	1.19209e-07	0.0891785	0.218365	0.205232	0.0253365	0.0918266	0.43376	0.384376	0.360256	0.360256	0.313985	0.313985	0.360578	0.360578	0.206484	0.213069	0.337783	0.254151	0.337783	0.298919	0.206484	0.242342	0.169983	0.176568	0.169983	0.200759;
3	0.142356	143	0.0891785	1.19209e-07	0.148941	0.163076	0.114515	0.0259806	0.366626	0.317242	0.281599	0.281599	0.235328	0.235328	0.29509	0.29509	0.240767	0.234183	0.266855	0.183224	0.266855	0.234576	0.240767	0.271185	0.0979102	0.0913256	0.0979102	0.122101;
4	0.00658471	0.0292729	0.218365	0.148941	1.19209e-07	0.0440525	0.230533	0.161752	0.390817	0.432329	0.396686	0.396686	0.350415	0.350415	0.410178	0.410178	0.357143	0.363728	0.236867	0.206413	0.236867	0.198003	0.357143	0.392857	0.214286	0.22087	0.214286	0.245062;
5	0.0506371	0.0279489	0.205232	0.163076	0.0440525	1.19209e-07	0.18648	0.137096	0.37797	0.434941	0.410822	0.410822	0.364551	0.364551	0.424313	0.424313	0.382801	0.389386	0.254795	0.224342	0.254795	0.208202	0.382801	0.410929	0.239944	0.246529	0.239944	0.26299;
6	0.237117	0.214429	0.0253365	0.114515	0.230533	0.18648	1.19209e-07	0.0885343	0.443637	0.394253	0.370133	0.370133	0.323862	0.323862	0.370455	0.370455	0.231821	0.238405	0.363119	0.279488	0.363119	0.316526	0.231821	0.259949	0.195319	0.201904	0.195319	0.218365;
7	0.168337	0.145649	0.0918266	0.0259806	0.161752	0.137096	0.0885343	1.19209e-07	0.369417	0.320033	0.295913	0.295913	0.249642	0.249642	0.309405	0.309405	0.262811	0.256227	0.28117	0.197538	0.28117	0.248891	0.262811	0.2855	0.119954	0.11337	0.119954	0.144146;
8	0.384233	0.369417	0.43376	0.366626	0.390817	0.37797	0.443637	0.369417	1.19209e-07	0.0648441	0.104423	0.104423	0.189486	0.189486	0.142893	0.142893	0.346658	0.346658	0.348268	0.317814	0.348268	0.29509	0.346658	0.34222	0.294697	0.294697	0.294697	0.311158;
9	0.425744	0.426389	0.384376	0.317242	0.432329	0.434941	0.394253	0.320033	0.0648441	1.19209e-07	0.0395793	0.0395793	0.124642	0.124642	0.0780491	0.0780491	0.281814	0.281814	0.393716	0.310085	0.393716	0.340538	0.281814	0.277376	0.229853	0.229853	0.229853	0.246314;
10	0.390102	0.402269	0.360256	0.281599	0.396686	0.410822	0.370133	0.295913	0.104423	0.0395793	1.19209e-07	1.19209e-07	0.0850631	0.0850631	0.0384699	0.0384699	0.242235	0.242235	0.361867	0.278235	0.361867	0.308689	0.242235	0.245527	0.190274	0.190274	0.190274	0.206735;
11	0.390102	0.402269	0.360256	0.281599	0.396686	0.410822	0.370133	0.295913	0.104423	0.0395793	1.19209e-07	1.19209e-07	0.0850631	0.0850631	0.0384699	0.0384699	0.242235	0.242235	0.361867	0.278235	0.361867	0.308689	0.242235	0.245527	0.190274	0.190274	0.190274	0.206735;
12	0.343831	0.355998	0.313985	0.235328	0.350415	0.364551	0.323862	0.249642	0.189486	0.124642	0.0850631	0.0850631	1.19209e-07	1.19209e-07	0.0597625	0.0597625	0.180504	0.180504	0.319532	0.2359	0.319532	0.266354	0.180504	0.183796	0.144002	0.144002	0.144002	0.160464;
13	0.343831	0.355998	0.313985	0.235328	0.350415	0.364551	0.323862	0.249642	0.189486	0.124642	0.0850631	0.0850631	1.19209e-07	1.19209e-07	0.0597625	0.0597625	0.180504	0.180504	0.319532	0.2359	0.319532	0.266354	0.180504	0.183796	0.144002	0.144002	0.144002	0.160464;
14	0.403593	0.41576	0.360578	0.29509	0.410178	0.424313	0.370455	0.309405	0.142893	0.0780491	0.0384699	0.0384699	0.0597625	0.0597625	1.19209e-07	1.19209e-07	0.240266	0.240266	0.37271	0.289078	0.37271	0.319532	0.240266	0.243559	0.203765	0.203765	0.203765	0.220226;
15	0.403593	0.41576	0.360578	0.29509	0.410178	0.424313	0.370455	0.309405	0.142893	0.0780491	0.0384699	0.0384699	0.0597625	0.0597625	1.19209e-07	1.19209e-07	0.240266	0.240266	0.37271	0.289078	0.37271	0.319532	0.240266	0.243559	0.203765	0.203765	0.203765	0.220226;
16	0.350558	0.362726	0.206484	0.240767	0.357143	0.382801	0.231821	0.262811	0.346658	0.281814	0.242235	0.242235	0.180504	0.180504	0.240266	0.240266	1.19209e-07	0.00658471	0.340431	0.256799	0.340431	0.293838	1.19209e-07	0.0435873	0.158317	0.164901	0.158317	0.175923;
17	0.357143	0.36931	0.213069	0.234183	0.363728	0.389386	0.238405	0.256227	0.346658	0.281814	0.242235	0.242235	0.180504	0.180504	0.240266	0.240266	0.00658471	1.19209e-07	0.333846	0.250215	0.333846	0.293838	0.00658471	0.0370027	0.164901	0.158317	0.164901	0.175923;
18	0.230282	0.23472	0.337783	0.266855	0.236867	0.254795	0.363119	0.28117	0.348268	0.393716	0.361867	0.361867	0.319532	0.319532	0.37271	0.37271	0.340431	0.333846	1.19209e-07	0.0836317	1.19209e-07	0.0883912	0.340431	0.341075	0.182114	0.17553	0.182114	0.199721;
19	0.199828	0.204266	0.254151	0.183224	0.206413	0.224342	0.279488	0.197538	0.317814	0.310085	0.278235	0.278235	0.2359	0.2359	0.289078	0.289078	0.256799	0.250215	0.0836317	1.19209e-07	0.0836317	0.0579374	0.256799	0.257444	0.0984828	0.0918982	0.0984828	0.116089;
20	0.230282	0.23472	0.337783	0.266855	0.236867	0.254795	0.363119	0.28117	0.348268	0.393716	0.361867	0.361867	0.319532	0.319532	0.37271	0.37271	0.340431	0.333846	1.19209e-07	0.0836317	1.19209e-07	0.0883912	0.340431	0.341075	0.182114	0.17553	0.182114	0.199721;
21	0.191419	0.195856	0.298919	0.234576	0.198003	0.208202	0.316526	0.248891	0.29509	0.340538	0.308689	0.308689	0.266354	0.266354	0.319532	0.319532	0.293838	0.293838	0.0883912	0.0579374	0.0883912	1.19209e-07	0.293838	0.280168	0.143251	0.143251	0.143251	0.138813;
22	0.350558	0.362726	0.206484	0.240767	0.357143	0.382801	0.231821	0.262811	0.346658	0.281814	0.242235	0.242235	0.180504	0.180504	0.240266	0.240266	1.19209e-07	0.00658471	0.340431	0.256799	0.340431	0.293838	1.19209e-07	0.0435873	0.158317	0.164901	0.158317	0.175923;
23	0.386273	0.39071	0.242342	0.271185	0.392857	0.410929	0.259949	0.2855	0.34222	0.277376	0.245527	0.245527	0.183796	0.183796	0.243559	0.243559	0.0435873	0.0370027	0.341075	0.257444	0.341075	0.280168	0.0435873	1.19209e-07	0.186444	0.17986	0.186444	0.183152;
24	0.207701	0.219868	0.169983	0.0979102	0.214286	0.239944	0.195319	0.119954	0.294697	0.229853	0.190274	0.190274	0.144002	0.144002	0.203765	0.203765	0.158317	0.164901	0.182114	0.0984828	0.182114	0.143251	0.158317	0.186444	1.19209e-07	0.00658471	1.19209e-07	0.030776;
25	0.214286	0.226453	0.176568	0.0913256	0.22087	0.246529	0.201904	0.11337	0.294697	0.229853	0.190274	0.190274	0.144002	0.144002	0.203765	0.203765	0.164901	0.158317	0.17553	0.0918982	0.17553	0.143251	0.164901	0.17986	0.00658471	1.19209e-07	0.00658471	0.030776;
26	0.207701	0.219868	0.169983	0.0979102	0.214286	0.239944	0.195319	0.119954	0.294697	0.229853	0.190274	0.190274	0.144002	0.144002	0.203765	0.203765	0.158317	0.164901	0.182114	0.0984828	0.182114	0.143251	0.158317	0.186444	1.19209e-07	0.00658471	1.19209e-07	0.030776;
27	0.238477	0.250644	0.200759	0.122101	0.245062	0.26299	0.218365	0.144146	0.311158	0.246314	0.206735	0.206735	0.160464	0.160464	0.220226	0.220226	0.175923	0.175923	0.199721	0.116089	0.199721	0.138813	0.175923	0.183152	0.030776	0.030776	0.030776	1.19209e-07;
